44.318879 46.383147 44.529397 46.338451 45.488022 41.976998 45.991003 45.133997 43.608695 44.523396 46.298728 45.850408 41.574454 43.848089 45.791569 44.830258 46.275579 42.289268 48.566428 44.958563 
44.033978 45.661721 44.578997 45.674748 43.945244 40.805655 44.531807 45.003169 42.912819 44.454125 46.221402 44.231964 40.338073 43.599199 45.473285 44.525288 45.237962 41.618069 47.302843 44.867311 
46.706538 47.444850 45.485142 47.614565 45.759376 43.187349 46.285736 47.130426 44.522033 46.473160 47.807605 46.744885 42.456302 45.721909 47.175391 46.703161 47.911945 43.026089 49.561384 46.675718 
42.444650 43.285396 41.858296 42.968324 42.368993 38.955234 42.662785 42.461058 41.073503 42.297000 43.728526 42.204258 38.483743 41.906257 43.553134 42.184151 43.113007 39.283121 45.260626 42.935234 
47.423184 48.796984 47.276837 48.993361 46.313055 44.022995 48.041379 48.654235 45.824830 48.147226 49.185300 47.518393 43.771247 47.258414 49.710200 48.828664 48.880389 43.959746 51.479957 48.987367 
47.585617 48.122318 46.117008 48.278404 46.860762 43.699229 47.766552 47.443907 45.110727 46.661090 48.621588 47.120461 42.729635 46.460844 48.511951 47.210586 48.747223 44.231072 50.770558 47.852596 
47.222046 48.912119 47.031285 49.140482 47.248164 44.026882 48.066526 48.336940 45.910570 47.366087 48.819283 47.751768 44.117565 46.972810 48.477925 48.091307 49.033112 44.364458 51.321182 47.742433 
48.075840 49.195531 47.651757 49.347091 48.284997 44.468498 48.910928 49.099861 46.647313 48.065357 50.415174 48.641462 44.147507 48.051824 50.412581 49.220002 50.099521 45.396274 52.021552 48.979394 
44.745356 45.998190 44.416627 45.938823 44.449153 42.190179 44.941618 45.237856 43.063170 44.462521 46.027038 44.882377 41.044670 43.962942 45.721102 45.337806 46.264162 41.701841 48.875604 44.870719 
47.354584 47.771442 46.356023 48.262408 45.954986 43.018595 47.009513 47.939000 44.735133 47.026392 49.108622 46.808355 42.210705 46.791822 48.835673 47.334210 48.165826 43.718006 50.255639 47.499482 
43.545027 44.361415 42.632095 44.291546 42.838303 39.676037 43.542543 43.867576 41.358064 43.382777 44.964594 43.392513 39.822072 43.225567 44.016758 43.416585 44.824039 40.335254 46.483187 43.460981 
44.557885 45.135235 43.299196 45.031482 43.793649 40.854294 44.620759 44.464006 42.492701 44.319903 45.293174 43.980114 40.449204 43.336862 44.817984 44.772589 45.453897 41.504438 47.762366 44.485204 
47.495904 47.455611 46.735688 48.052640 46.976583 43.469368 47.472084 47.448976 45.299058 46.017257 48.801088 46.053412 42.606606 47.409248 48.601473 47.184820 49.119726 44.310168 50.523829 46.973235 
48.406477 49.718762 47.812100 49.981308 49.109519 45.007776 49.572079 49.142916 47.143887 48.382378 50.123650 48.823784 44.762884 48.127145 49.705714 48.852979 49.809797 45.947711 52.304417 48.665452 
46.566171 46.763625 45.804897 46.624329 45.571280 43.257081 46.858744 46.911150 44.466775 46.093662 47.620940 45.128846 41.994430 46.484679 48.270229 46.987974 48.206452 42.957873 49.977991 47.340895 
44.277749 45.808392 44.021951 46.122602 43.833234 41.916003 45.537657 45.532956 42.308637 44.274958 45.780336 44.694578 41.341069 44.000297 45.947346 45.577537 46.092405 41.293565 48.505734 45.541374 
47.041848 47.819343 46.000834 47.418247 46.075575 -nan 46.847428 46.697538 44.862943 46.718910 48.537892 46.858977 42.413296 46.442224 48.008526 46.281708 48.348898 43.410460 49.876805 47.042440 
46.446309 46.566493 44.534462 46.807576 45.688635 42.194829 46.234515 46.058205 43.189054 44.928253 46.823635 44.965309 41.801311 45.223960 46.371462 45.233451 47.454051 42.536145 49.058277 45.415907 
44.453517 46.041717 44.148083 46.346811 44.699434 41.921229 46.129788 46.023464 42.995529 44.806172 46.495266 44.900497 41.654137 45.071470 45.847103 45.723179 46.265991 42.383216 48.437938 45.559148 
45.545523 46.015410 45.304430 46.175787 44.874064 41.677513 45.493502 45.459923 43.735383 44.971612 46.691636 44.544415 40.536079 44.817832 47.243106 44.824506 46.222734 42.263461 48.344127 45.890161 
